time,gaze_movement,pupil_diameter
2.0,210.18722766397815,4.054545549999999
3.0,70.06240922132605,4.086758664285714
4.0,98.73494539455223,4.123573652040816
5.0,274.18429534504054,4.078562062037652
6.0,132.66982032824544,4.038715293083985
7.0,62.94479358889726,3.999660317591005
8.0,343.088130898894,3.9598345261918153
9.0,169.60472113453616,3.9419234164812114
10.0,77.90393352611135,3.9375555773487845
11.0,38.95196676305567,3.9387627606267808
12.0,786.775799563984,3.9427574551099878
13.0,687.3491761290963,4.048581330874302
14.0,844.9931257733066,4.15943613237125
15.0,592.0349190160591,4.20848922430711
16.0,461.50194454157975,4.235123803636858
17.0,206.77285301508812,4.27630037269728
18.0,581.3637369394062,4.321609329570586
19.0,824.4791573781098,4.308714671640132
20.0,406.94150506001097,4.333616061409292
21.0,700.5445260187398,4.377150401835308
22.0,584.1248677081508,4.357655199939561
23.0,303.13806407321897,4.202428425979854
24.0,343.44239089445057,4.185096788258744
25.0,494.06169273590774,4.044141244054021
26.0,237.95399097529335,4.016087257718604
27.0,213.72987581685715,3.9865689148381707
28.0,106.04278158072287,4.043892067447741
29.0,46.48876288346425,4.1382661752077325
30.0,1067.7689513983091,4.257120251991987
31.0,1092.7252845701432,4.270095164705671
32.0,543.1732430905076,4.315937485669053
33.0,271.5866215452538,4.375578607671837
34.0,135.7933107726269,4.442119130194323
35.0,666.86249842888,4.51210935297666
36.0,622.3141609353554,4.45707987441571
37.0,1092.087776735546,4.312514649385141
38.0,634.8396331702231,4.306229579177229
39.0,317.41981658511156,4.338842999093378
40.0,685.3410360040405,4.3909056640715605
41.0,546.0996741658718,4.431662688369336
42.0,364.86003952063476,4.411059985722879
43.0,179.65515273524082,4.354613604846886
44.0,89.82757636762041,4.281190434458851
45.0,879.815338344714,4.199278869314796
46.0,433.25133504400657,4.212637766121565
47.0,212.99397106275111,4.2753965659542335
48.0,309.56829154746714,4.362837928671119
49.0,297.4707760754018,4.407146361279122
50.0,230.69722170848695,4.412371425606875
51.0,552.7991349192853,4.323714023068385
52.0,1029.9446972796245,4.300651457272213
53.0,508.62637032680936,4.313099753378607
54.0,249.85422796647757,4.345037049547255
55.0,121.53379898156285,4.387266248972835
56.0,47.09657061374887,4.436868133225806
57.0,1010.3275351935345,4.48663960769949
58.0,505.16376759676723,4.467904567914907
59.0,252.58188379838361,4.414916271001189
60.0,126.29094189919181,4.344801345522906
61.0,63.145470949595904,4.266123105762338
62.0,0.0,4.18316320886063
63.0,929.0919917915702,4.10020331195892
64.0,1312.4886102192359,4.367416983636708
65.0,682.5717971155543,4.501095610082415
66.0,1129.2548944881141,4.4262656571262635
67.0,926.8972542616625,4.384462725415554
68.0,544.4031158766767,4.22747889075647
69.0,377.13117518613524,4.110886549672072
70.0,534.61443059449,4.236044642040337
71.0,519.2727632469852,4.2912443175662744
72.0,519.0186924585289,4.276950891425226
73.0,528.2814332679422,4.320238450403279
74.0,838.510778279374,4.2565916266175075
75.0,615.3858331198242,4.208826849055191
76.0,616.004974471648,4.247495148994342
77.0,1152.1232479257496,4.261649475428292
78.0,1253.775980869008,4.203989963699809
79.0,921.8610974322996,4.1210174658104775
80.0,454.4627305672328,4.15355852430795
81.0,217.32650646306163,4.241594170863202
82.0,1366.1571138519666,4.359523205436082
83.0,864.7145039939957,4.459372122610514
84.0,871.8139093382158,4.602119212747864
85.0,596.3830970782021,4.625713718176402
86.0,434.404441991401,4.595200990633931
87.0,576.4621231192823,4.518159564942705
88.0,2120.5597829272833,4.467638914268587
89.0,1222.6479153557027,4.5477667339947345
90.0,606.3090782275672,4.555389191819885
91.0,424.90361424578975,4.526588060588808
92.0,847.9825163134935,4.535392428264209
93.0,685.699323953542,4.551174244623656
94.0,412.3421268956164,4.510869097222223
95.0,206.1710634478082,4.5231061265681
96.0,99.14785272226689,4.561614244287634
97.0,29.323563199751767,4.6115326344086025
98.0,110.37777082404276,4.66747814516129
99.0,313.38925900512095,4.641933395161291
100.0,227.51647539100964,4.604753311827957
101.0,113.75823769550482,4.397723819892473
102.0,56.87911884775241,4.105769623655913
103.0,288.15968058991376,3.7713530752688174
104.0,135.9378313778863,3.879520685483871
105.0,619.3398704551927,4.207996333333333
106.0,1486.4605193430511,4.390875555548522
107.0,2101.0557667764224,4.501427221668032
108.0,1042.3084167625952,4.460941911409933
109.0,669.7048932847835,4.3305281116189445
110.0,503.4790450205453,4.171796408497645
111.0,1011.8613308682997,4.1223513380472045
112.0,721.1825496382079,4.304204708167715
113.0,468.2631893430578,4.412250961290322
114.0,229.48938576829497,4.479460744086021
115.0,193.1439907159011,4.525732093548387
116.0,71.66897929196197,4.523389369892474
117.0,27.781866792822047,4.491218677419355
118.0,10.526186067537466,4.450166691935484
119.0,5.263093033768733,4.404796963440861
120.0,238.4170225838617,4.357268363440861
121.0,796.0345035007838,4.409188039964157
122.0,398.0172517503919,4.467704271714456
123.0,199.00862587519595,4.529518781078255
124.0,320.38506399069956,4.592982429248805
125.0,152.7420000396041,4.6632134833438545
126.0,691.0856607495236,4.733720481759802
127.0,388.2379400125555,4.701755872394985
128.0,253.41908004782127,4.71127476001955
129.0,119.80701655350121,4.757433915696232
130.0,59.90350827675061,4.82172749175769
131.0,324.4084133241629,4.895088278011533
132.0,320.50293043394015,4.947515027290995
133.0,790.6437474927087,4.9158499575624965
134.0,395.32187374635436,4.973288401780253
135.0,325.2376456124031,5.075278602971137
136.0,284.02591438843785,5.112096327821863
137.0,429.91967229481406,5.029731179834814
138.0,195.20216706257776,4.941764129564062
139.0,787.2304616970215,4.846882182770634
140.0,614.2721364267319,4.900761063587048
141.0,817.2538384189493,5.024779233662445
142.0,399.47394281380366,5.020274987275295
143.0,628.846370086774,4.9498914293658975
144.0,1266.9745411146782,4.861642710957412
145.0,981.3023799056828,4.791549077124104
146.0,1393.5490088371143,4.874308292808461
147.0,1123.853298624323,4.796999185819118
148.0,605.0506005998687,4.771052033727273
149.0,399.4195503354028,4.777799901985427
150.0,347.5124239194258,4.8923918242527575
151.0,831.0758918709134,4.915440477059443
152.0,402.6528540979448,4.917015769443699
153.0,199.55975142408323,4.934888734704849
154.0,115.73550353122349,4.960676626377002
155.0,64.79525928025151,4.866083056989247
156.0,430.82218703134566,5.008365667931688
157.0,745.396449247786,5.065132286116381
158.0,1089.8845000244798,5.025608220283881
159.0,1135.8915198853506,5.081099438626023
160.0,978.2072036591333,5.102806560710861
161.0,861.9209341998456,5.132177049805145
162.0,1058.6559946917446,5.008755258459875
163.0,749.5494252823265,4.828780251965629
164.0,632.339787458275,4.902759430672627
165.0,581.378490653967,4.84334633809617
166.0,278.62868100852836,4.903419285377412
167.0,821.0726911255101,5.028328414341258
168.0,658.9964842714718,5.01795886426469
169.0,516.7806555642119,5.163788767531098
170.0,289.8713565711807,5.1089222978818984
171.0,542.0074675952122,4.96935044385052
172.0,467.88204612850564,4.998894257788638
173.0,374.1452838208806,5.04304652575916
174.0,980.0191560725438,5.076896951671971
175.0,595.1143700061422,5.171386221989831
176.0,285.14869158714544,5.099250586421513
177.0,597.6544391451899,4.937194111655085
178.0,294.1957949829798,4.865478812710329
179.0,122.12700151252177,4.839256949234935
180.0,57.73974768071283,4.8340061621281105
181.0,460.37270762589685,4.845374433315499
182.0,303.1678691714835,4.854662226080803
183.0,151.58393458574176,4.900254917798564
184.0,337.1419740830928,4.96400005899255
185.0,168.5709870415464,5.017262686573394
186.0,167.06821173069426,5.06528405734767
187.0,507.2682362171377,4.883404509677419
188.0,479.51661662398783,4.89591230192245
189.0,337.16364914130634,4.998172804537663
190.0,417.72092351546183,5.020870868803038
191.0,527.1689434464541,4.945036739419439
192.0,525.9029994782553,4.971599107666709
193.0,369.87651145522426,5.041855944683095
194.0,216.84313606842687,5.12374838662572
195.0,193.2562337670102,5.149357417829767
196.0,458.1380266147454,5.1597521132159585
197.0,561.2922110965311,5.052809051660507
198.0,756.5721674323061,4.963252232732911
199.0,706.0939488734818,4.869377890557439
200.0,457.6322019074163,4.817535928198488
201.0,587.7482852015413,4.871986225787329
202.0,662.6990157455884,5.003672113816298
203.0,898.0643004051935,5.0965324148569895
204.0,1117.222923640455,5.135418793729237
205.0,802.4532284690231,5.070377466581986
206.0,629.4024581566716,4.610700027739808
207.0,358.4709274544753,4.599473263125487
208.0,762.9224181643149,4.544675318031452
209.0,706.5728740983604,4.546020316856228
210.0,519.625218842894,4.628858001039195
211.0,850.4493084101946,4.663343806451288
212.0,605.8620453433106,4.801186662186217
213.0,348.7380034041279,4.831635696492494
214.0,305.88341894752705,4.902272947052758
215.0,410.83168910196355,4.954488235887896
216.0,206.01024711057795,4.860348941222684
217.0,97.30588054665904,4.861243093376026
218.0,1026.9006680738282,4.914888790593277
219.0,509.0023114023919,4.905999894829131
220.0,480.23352230846865,4.866997468471913
221.0,297.20361106076103,4.914542863268215
222.0,198.24416538926863,4.990927075431035
223.0,164.13535170890663,4.919650352191091
224.0,319.92295967284025,4.903777946236559
225.0,1076.2838693284896,4.988427709165386
226.0,1594.9868792792618,5.05803547155096
227.0,802.7772348553269,4.928341992943938
228.0,419.2726406063074,4.874031215109962
229.0,723.6373533781104,4.899056295727023
230.0,691.3682466225674,4.994028665554244
231.0,352.385723062711,4.901296078449821
232.0,222.10295182193408,4.953386653920251
233.0,470.21283451583764,5.066889481619623
234.0,490.55377034614446,5.007211738220919
235.0,468.3395831068059,4.832944751906158
236.0,232.926530875042,4.752438037486858
237.0,675.2480195589259,4.711540406327117
238.0,697.0088266498217,4.551667731839478
239.0,896.6269352772177,4.578106612720028
240.0,574.3470126330951,4.720100343631156
241.0,521.013633089729,4.836596346779167
242.0,513.0603955088801,4.7038913227512005
243.0,361.7157340879849,4.698383074645585
244.0,178.41806579478137,4.871820227301662
245.0,122.16817239427836,4.976473648524415
246.0,53.776582235477264,4.999280330790625
247.0,127.05356406715691,4.988552773681516
248.0,678.3458852975232,4.9829182864823345
249.0,686.8996318752722,4.963193719066158
250.0,1171.4183851440246,4.984828132740963
251.0,717.1855592610857,4.900900569154659
252.0,1290.7279351748282,4.926511331435279
253.0,626.0368396608378,4.912761958533013
254.0,302.1373568850878,4.879732460586249
255.0,183.6552947329056,4.8357041639176765
256.0,133.39246927086253,4.8344382271201285
257.0,304.7542135095023,4.830719830389724
258.0,376.12924928806143,4.880167480367829
259.0,497.34394108405866,4.84206894686907
260.0,729.5164632869355,4.848244332215898
261.0,591.9280439774835,4.881736847111533
262.0,414.97353502486044,4.834467903394476
263.0,200.49451305826432,4.847087470250896
264.0,90.58227789038128,4.893217830107527
265.0,384.65427617645474,4.953352117383512
266.0,843.7722765820614,4.957117099910395
267.0,739.155887200664,4.94470242639529
268.0,369.577943600332,4.971258240265559
269.0,184.788971800166,5.017299297828516
270.0,340.51101237541855,5.073082977237816
271.0,242.29732645086057,5.000881547758693
272.0,483.1784654165536,5.050805925324676
273.0,260.09145297747165,5.138110614090211
274.0,458.3592122390389,5.027278444848484
275.0,221.07982535710752,5.096959273284833
276.0,454.70630814196574,5.261110049380216
277.0,698.4535957332333,5.028134086442201
278.0,774.4292423381298,5.040527008432992
279.0,735.3132451409953,4.987768973972116
280.0,604.5504488277645,4.936660905718753
281.0,711.2309935998724,4.784670437350693
282.0,693.1488512816256,4.77037453523384
283.0,536.641929136274,4.949082428986306
284.0,751.5421127747945,5.027392323260729
285.0,471.57548487090094,4.882903684449959
286.0,473.22760352897876,4.952028982299421
287.0,614.4980435626729,4.6815956078038745
288.0,451.1547485960434,4.74427632003097
289.0,774.7261753621442,4.66819890712053
290.0,884.450224575577,4.69932176378475
291.0,716.2821803032086,4.7771845008727905
292.0,345.9878535018769,4.789120224911839
293.0,168.2982661976862,4.752242249717276
294.0,66.50540118195235,4.700696748041379
295.0,17.61793912498184,4.636466622119816
296.0,0.0,4.565794275181041
297.0,0.0,4.4951219282422645
298.0,297.41794598364953,4.424449581303488
299.0,566.7385711762621,4.683840829979678
300.0,283.36928558813105,4.839399509936936
301.0,141.68464279406552,4.9430419055347254
302.0,70.84232139703276,5.020726158952783
303.0,26.126849886527335,5.085431341280973
304.0,116.13236595762035,5.133332500701263
305.0,58.066182978810176,5.1165839864422615
306.0,39.7832247525545,5.067510635343618
307.0,55.74995125134442,4.894676801309022
308.0,318.0000332140829,4.921185578674947
309.0,291.3530487862447,4.814826979045616
310.0,145.67652439312235,4.771059314770291
311.0,72.50232053208775,4.75858711817197
312.0,35.13058717619803,4.76512509492828
313.0,8.49888553846118,4.773004944209763
314.0,0.0,4.78882256358807
315.0,0.0,4.804640182966377
316.0,0.0,4.820457802344684
317.0,0.0,4.8362754217229895
318.0,378.9672291060825,4.852093041101297
319.0,564.8518997016795,4.868715967528589
320.0,282.42594985083974,4.860097082042584
321.0,141.21297492541987,4.838857290599932
322.0,70.60648746270994,4.811307046178955
323.0,102.34982508515161,4.7806015752688165
324.0,39.44465363168086,4.65993685829493
325.0,343.08374396280357,4.4950939078341
326.0,171.54187198140178,4.522404697772657
327.0,85.77093599070089,4.645792357910906
328.0,916.4571223366685,4.817218453149001
329.0,458.22856116833424,4.839746874335342
330.0,523.6044372771861,4.787826458495806
331.0,574.6698054644926,4.867778381533859
332.0,287.3349027322463,4.947319319105249
333.0,469.9929258351517,5.026654763943306
334.0,744.0139843693105,4.814933821521754
335.0,362.4883921540658,4.810906289350598
336.0,446.53867760985224,4.905231967096007
337.0,565.7397566848853,4.8299724590597
338.0,595.7206841672361,4.981641628405443
339.0,601.946413737227,5.074320092082906
340.0,326.7388006222811,5.076142531199254
341.0,498.7246033648703,5.331839262182512
342.0,507.45376351852076,5.356832410378183
343.0,243.6048823301591,5.2283241808317324
344.0,259.6841777194257,5.0287439782334244
345.0,343.88875006561386,4.7856347535450645
346.0,579.7445765740194,4.744394831073607
347.0,281.4724863371712,4.722549821720886
348.0,140.7362431685856,4.711290028197915
349.0,531.6882619241723,4.705322842589822
350.0,764.0581484415691,4.71839965401207
351.0,747.3961167509606,4.67326615946415
352.0,695.991047942342,4.617706561220345
353.0,1012.8001191562605,4.687480791072186
354.0,1042.4997962165587,4.689352683272326
355.0,634.355477111525,4.799640914075139
356.0,687.5867791761563,4.78036617598293
357.0,333.7217336641137,4.772330506450247
358.0,146.0857232325228,4.7658347811990875
359.0,284.5403543707409,4.7641893172043
360.0,479.81315143283456,4.798173687574671
361.0,647.9393767486762,4.696087212066906
362.0,601.2792700309847,4.8038535228281285
363.0,590.2780608046951,4.807010918224101
364.0,287.9919794504841,4.911594579607326
365.0,719.6403259120982,5.065714204928025
366.0,482.42769271592795,5.183822694120025
367.0,935.7109757185824,5.065321610498089
368.0,1140.1978638908172,5.056302284619244
369.0,1133.774999200143,4.91134753528126
370.0,1344.1585268460763,4.880147693985787
371.0,1384.6861205805767,4.756641386936133
372.0,1407.6444789488214,4.95083772654427
373.0,1088.1602226020248,5.053943597807169
374.0,1391.7791026808463,4.990720505857263
375.0,936.2421623616932,4.868475362712806
376.0,974.1843880544303,4.906570645056037
377.0,1124.3416529356502,4.881962228292193
378.0,694.33719452323,5.018683590222581
379.0,713.5389409327197,5.026805588327154
380.0,609.8886365104568,5.148112729143415
381.0,505.8817465324828,5.005901950227504
382.0,398.8427349356682,4.985936199383313
383.0,286.5237103118763,5.083552650260917
384.0,130.9677488415271,5.1991941539195015
385.0,202.3422636876772,5.318272660872612
386.0,97.91539140065088,5.349224724906351
387.0,230.69104330596173,5.107426072119816
388.0,369.8839760849846,5.094368629608294
389.0,318.1657664981509,5.3411200278801845
390.0,295.5665824947824,5.376127280058652
391.0,235.20067841250892,5.3504072201134765
392.0,187.61044582988387,5.330033815237957
393.0,149.2630988860242,5.358078154143556
394.0,142.0581435757167,5.352993113938137
395.0,514.2572465224165,5.378148890345168
396.0,349.4184105403639,5.170032654464309
397.0,661.353593933197,4.753350847090723
398.0,803.0923825394451,4.641839595420857
399.0,693.5191768801092,4.7302827765890765
400.0,710.1670255825704,4.942940544742292
401.0,594.8464145145496,5.02783036131555
402.0,1016.6866366670745,4.972659909600427
403.0,757.6580465446268,4.9959521444585775
404.0,690.9802033916155,4.851870487787085
405.0,881.2232632187139,4.8274612633797975
406.0,765.7412694209322,4.8556992490192155
407.0,655.5504151806173,4.721701570346141
408.0,631.0553401935445,4.743797777039831
409.0,684.2658789115113,4.7494199426785215
410.0,914.5026589839001,4.691695920589766
411.0,1153.0289515541945,4.822217033524959
412.0,567.2759033984569,4.896242781871544
413.0,653.7580461579404,4.934450419142099
414.0,534.8251587481654,4.83088657078411
415.0,698.7677654430543,4.881061745007598
416.0,873.5954065713214,4.877769034593308
417.0,436.7977032856607,4.917772431850057
418.0,360.8654684295302,4.979423882942327
419.0,288.2510045940085,5.06152395041816
420.0,429.2424077007837,5.0153106312871785
421.0,507.78017454688927,4.79053576543321
422.0,458.35338636345926,4.665572098582092
423.0,719.3369897396517,4.544155427101408
424.0,571.4343549713831,4.536582728664205
425.0,603.0670950714347,4.450979607298524
426.0,679.4342777866835,4.557189500446831
427.0,1045.530047606393,4.573193797493076
428.0,875.428453804805,4.651255027956989
429.0,755.8237272488527,4.569100207868633
430.0,674.934885441201,4.594431068808868
431.0,1125.9100090017837,4.572440220360772
432.0,1085.76205254968,4.595890321381104
433.0,841.2389058883625,4.597168812493793
434.0,1000.9849615267077,4.687829647147954
435.0,894.4199161236768,4.651134322850263
436.0,793.3130951853896,4.786702254160414
437.0,551.899212687123,4.935553281973641
438.0,685.6557472436075,5.07753334027119
439.0,475.1975740756066,5.176000669171989
440.0,718.0718955769436,5.2633842463342875
441.0,441.11681693248784,5.3050813424445495
442.0,215.17478673220262,5.268445591804069
443.0,94.48147685949804,5.193106297850383
444.0,200.36725530176355,5.099575261981016
445.0,283.11356568980136,4.858516960189675
446.0,363.96662606953294,4.815796918602903
447.0,1150.5518669480464,4.9777245834856565
448.0,728.7920247482948,5.046853908054786
449.0,372.870203189101,4.912401610854199
450.0,244.82688670578526,5.055277158602151
451.0,206.9855976548252,5.151473623655914
452.0,457.01797773052925,5.054138184196806
453.0,533.1979566398363,4.856062674356467
454.0,266.1800194795013,4.753414447214076
455.0,752.4857022721822,4.6867674232486145
456.0,737.3418101138566,4.749638618024717
457.0,848.077206488015,4.711714989885607
458.0,888.8216045903824,4.78877987211282
459.0,566.2282578691338,4.819660844378542
460.0,571.4760543356242,4.784349872883715
461.0,418.49324536367385,4.836865546221683
462.0,193.8903779630794,4.840602083420156
463.0,82.11848743006422,4.814790578123399
464.0,37.25244822834641,4.777307410874295
465.0,404.4108428361923,4.735335287298387
466.0,540.7264398532551,4.656055216343882
467.0,383.5808742141967,4.665141706483034
468.0,489.98309803921603,4.635659455430938
469.0,244.99154901960802,4.592897358784562
470.0,219.77190182790258,4.543495339341043
471.0,226.76866222879187,4.592140075239588
472.0,356.49079286373524,4.6605785205947035
473.0,423.84577942179874,4.6602576661766335
474.0,452.06863600465545,4.81158197363694
475.0,222.6083034976379,4.760864522449825
476.0,355.3494476796309,4.6059889323643155
477.0,566.1094436518974,4.5451723565962245
478.0,385.7938127182726,4.698741682597689
479.0,615.02490109278,4.697973442374113
480.0,1467.8250514386218,4.715455736379103
481.0,1356.7371366500977,4.884815457360834
482.0,1144.6701422267756,4.887431063894999
483.0,624.5341097416798,4.916364105148492
484.0,732.3948125382021,4.89010827340758
485.0,757.5959596267618,4.801056244755193
486.0,757.6818815859576,4.7975092805697335
487.0,713.9013706119275,4.773654444454975
488.0,560.6968604892207,4.827547157711359
489.0,320.3355799054259,4.872819209702453
490.0,481.8423378841261,4.95779050583252
491.0,357.9312113244115,5.048174884758879
492.0,1264.3326711581271,5.087384357354618
493.0,979.2381049683079,5.114123486585015
494.0,785.5792958767361,5.028086594237441
495.0,1103.2049489876717,5.080459894103143
496.0,1497.5582171216956,5.111511351914718
497.0,714.5195721275986,5.084125942632591
498.0,687.9311884899544,5.027022844188158
499.0,442.44884744260565,4.983206123352632
500.0,240.27856010757608,5.005217082078852
501.0,728.0447720024165,4.997356922733842
502.0,396.94536276854683,5.027188793849
503.0,187.79399186368533,5.02463322129726
504.0,365.9446573141268,5.005109954734651
505.0,829.6410895944416,5.132151300844028
506.0,751.2870594272513,5.097886302378625
507.0,593.3645182649643,4.934872730490387
508.0,476.278829485115,4.948372591186055
509.0,275.67797657686907,4.9637076584962525
510.0,457.89437497627955,5.095229325806452
511.0,933.6558410487492,5.0475424035435
512.0,542.511905848624,5.024560413913327
513.0,1736.024434880687,4.95990195050505
514.0,1465.90882629926,4.734009607792207
515.0,1174.5684487296744,4.622932785464948
516.0,564.9140405649491,4.622218458674503
517.0,279.878272858694,4.6731586256283535
518.0,93.98973409247529,4.751380765440015
519.0,154.953405558988,4.84771565151161
520.0,503.5392186899397,4.783196203435956
521.0,468.5600737591826,4.843167173587621
522.0,652.5398153831072,4.999913827657921
523.0,971.2678324551831,5.048329348777145
524.0,1326.8115534803044,5.016743170648507
525.0,1241.9663506703528,4.994833228800729
526.0,1096.0007402908855,4.81964499791291
527.0,712.9809672827558,4.861848634261115
528.0,1262.433408917389,4.937909444953138
529.0,755.2355280229976,4.957513264260113
530.0,505.8475740233992,5.083467546908602
531.0,785.6629071706407,5.078729164919148
532.0,650.3180365616238,4.827438881742728
533.0,736.3742167134776,4.890033600826636
534.0,363.4861913769643,4.898813564396331
535.0,494.0157824823553,4.876437040262681
536.0,588.0295118556817,5.002222709948496
537.0,324.08716700372497,5.118595527017258
538.0,556.7903066743738,5.276864906965163
539.0,513.3163421831971,5.361864891100048
540.0,533.5307180117265,5.085980835718995
541.0,373.8264832003188,4.7528162245957395
542.0,433.18552721620983,4.646923399062576
543.0,493.1673553699614,4.611180250600492
544.0,383.17123792660783,4.682930013113866
545.0,653.8851439714507,4.78842282603978
546.0,1041.1131426428,4.82248859353855
547.0,705.0778842612676,4.843230457651628
548.0,517.2561380458426,4.957106530470625
549.0,542.4975271971866,4.742303836369689
550.0,939.4711628320327,4.835634689889625
551.0,1927.6343897108059,4.9904850134748715
552.0,1084.9884135440143,5.068032839464708
553.0,1250.978756153955,5.206365194988486
554.0,1047.495366006267,5.002371865572593
555.0,578.6544149036931,4.894516802902153
556.0,780.468565969537,4.9557978104868265
557.0,386.25993365355794,4.969542889160532
558.0,1398.0412044550678,4.956316447813762
559.0,1144.1110555223079,4.940097522810934
560.0,1097.894035508406,4.940167405069284
561.0,628.3780582381519,4.99172749347104
562.0,666.3943439001116,4.865055562968498
563.0,773.1405928746576,4.8301181119026975
564.0,442.2734795777361,4.76912548978096
565.0,597.5241525994359,4.819102316845878
566.0,617.9339359727339,4.844738390192246
567.0,977.0945344378132,4.825157400083146
568.0,473.6005772423592,4.742733754596015
569.0,392.74015015575156,4.631137839663599
570.0,909.1917929264091,4.495331489931055
571.0,1565.138870855592,4.685581474832436
572.0,902.3763003981323,4.753946686739539
573.0,1035.7315283392913,4.7080461508368545
574.0,904.321727907062,4.669767422883865
575.0,487.53063728622726,4.770681577446895
576.0,604.3426783192757,4.9254833066195305
577.0,476.3057248845946,4.966660348202238
578.0,300.58370733984054,5.0410514121287955
579.0,770.3579994534522,5.160709781150064
580.0,688.6396524371528,5.157242592187934
581.0,929.0666891159003,5.263017317225588
582.0,458.9539205881032,5.326292291011856
583.0,342.7529542327182,5.3655571942011715
584.0,506.9559483693697,5.294269626291378
585.0,618.6866149420001,5.420005219059667
586.0,759.9069411091864,5.434699545080605
587.0,782.2083171693537,5.465942711331679
588.0,1144.8523139871427,5.341642353732242
589.0,652.8668761969868,5.275219422705855
590.0,861.9636819297237,5.279290277061603
591.0,757.6021939363422,5.379479313530592
592.0,813.4255454490922,5.34748623154903
593.0,611.6141834404921,5.3509776384578425
594.0,481.33885160173054,5.233909874144436
595.0,343.4100031228829,5.145413335461949
596.0,807.6343655458626,5.279804604930582
597.0,910.1076744673844,5.205597660679375
598.0,447.91105209737043,5.15855044414576
599.0,218.38075908409914,5.129275518966548
600.0,122.39770696519625,5.1060620058990445
601.0,550.5884273371043,5.320293515046297
602.0,854.7997818778092,5.012716121842465
603.0,661.3516621174713,4.947533982401221
604.0,330.67583105873564,4.934679508157707
605.0,164.80815347832217,4.947988866513057
606.0,66.47921263834496,4.966849317821813
607.0,14.621985698660415,5.008819898236559
608.0,359.52655897935585,5.046486106046083
609.0,179.76327948967793,5.020605810285714
610.0,582.6282462107566,4.962952262740399
611.0,503.54857973446747,5.000899474863287
612.0,393.02072084289966,4.987120174347158
613.0,185.27515545334495,5.0546082142857145
614.0,225.84343161848494,5.164715752688172
615.0,130.07040403639158,5.196432991935483
616.0,58.40287524853675,5.283158584677418
617.0,24.787486656278816,5.400498569556452
618.0,364.5669881250804,5.529797919354839
619.0,632.7940297751732,5.530679175268817
620.0,699.0933955974367,5.465964248304383
621.0,1275.3613819568864,5.350175754722911
622.0,1097.5449416349925,5.2343872528094835
623.0,537.7670569175918,5.169800547541153
624.0,254.67499037608488,5.1350146711061235
625.0,115.34644909195416,5.115269920414255
626.0,28.741515666034324,5.103521443259805
627.0,841.1683109248472,5.0949730786560465
628.0,842.4870860568643,5.141800243994493
629.0,959.8588481604024,5.270997541111044
630.0,1285.2340491253613,5.265775161405525
631.0,863.4631958131927,5.053058851985442
632.0,616.9319623335467,5.1348531911627235
633.0,295.2815145856971,5.068001127640648
634.0,779.8997965781962,4.925117038806175
635.0,545.572833697566,4.948948305992096
636.0,265.88497399720455,4.95460616703428
637.0,444.5555952734203,4.938731774584138
638.0,683.3016796921133,5.1086305318143035
639.0,904.7137236140118,5.090886267765292
640.0,1125.8791752456311,5.032470393279761
641.0,834.223740684073,5.089675514642392
642.0,407.16743055791784,5.099775722807539
643.0,189.17671896472757,5.0804688985888244
644.0,229.16499973407903,5.055225108056909
645.0,262.5532856324989,4.998937875226012
646.0,297.4722953969663,4.93953353135473
647.0,148.73614769848314,4.931411346592226
648.0,170.54590651448595,4.948930241384112
649.0,321.486753782549,4.966098100530766
650.0,520.0155890482148,4.941890630397679
651.0,276.53297435357246,4.957891811550606
652.0,343.12472885266675,5.079429569120157
653.0,364.73839753775934,5.088869386531405
654.0,273.36213081565654,5.181362348411631
655.0,567.2806851510409,5.113403681533273
656.0,822.3860613157708,5.114595324027415
657.0,606.5286026527417,5.04015887954886
658.0,791.5664099596161,4.99960231570889
659.0,794.9902377822048,5.0384120171734414
660.0,784.4612465992568,5.105815463351274
661.0,375.37335111252753,5.097943805947457
662.0,181.38238205478788,5.055793505606758
663.0,290.03793179132583,4.994424450844853
664.0,291.90206275461435,4.933495956989248
665.0,276.39469606416776,4.819063322580645
666.0,138.19734803208388,4.834244936678614
667.0,69.09867401604194,4.914233675029869
668.0,57.85985968980205,5.026625975507766
669.0,50.16078066988986,5.023138229689366
670.0,56.281037713391136,5.014051973715651
671.0,211.44716115610822,4.953488748805256
672.0,109.71195187095057,4.923877534050179
673.0,53.91775865904943,4.963179485663082
674.0,104.61470010329704,5.041053725806451
675.0,70.18587341077267,5.046559607526881
676.0,374.472579211732,5.140435258064516
677.0,507.13707101137334,4.996072911827957
678.0,864.2833899766048,4.947836158862296
679.0,778.155193690655,4.931445807388137
680.0,776.8070236963547,4.962961267672563
681.0,724.5315780403598,4.926427480610475
682.0,741.1116675740263,4.936448279014915
683.0,351.4709945847969,5.0120759375576025
684.0,164.8459397136357,5.121013788517665
685.0,502.5610297050224,5.245695239861751
686.0,343.76462661694416,5.119587024500769
687.0,513.0264019434304,5.09218849343318
688.0,880.0651113609645,5.020471390482869
689.0,1087.2658601223825,4.987191114886038
690.0,795.0727637812488,4.839946669795024
691.0,471.6326643764646,4.7692912327469745
692.0,499.27684329123434,4.879386685145889
693.0,432.9405253459401,4.8337769151869825
694.0,479.95467173840115,4.870898578608363
695.0,460.2927393689398,4.9437254479169574
696.0,449.7714686743577,5.07191453969136
697.0,407.44281954376265,5.0993233809567915
698.0,456.2561650857781,5.0835792246565825
699.0,642.1643087524634,4.992464583149405
700.0,488.5346431959223,5.0096955220854555
701.0,830.6428703531456,5.181315445953594
702.0,1462.3635790043334,5.123786829819416
703.0,723.0920431438223,5.09582620757833
704.0,845.0549852536974,5.084171974756906
705.0,860.1567491076839,5.033499102073794
706.0,411.53730124189474,5.020237250982948
707.0,172.86192811718792,5.035375017714783
708.0,565.6841027279869,5.060208677760127
709.0,647.890932680618,4.949847344967983
710.0,879.9633281298909,4.999200638547122
711.0,539.3929392909492,5.069632884925374
712.0,448.59933375720107,5.141525820200753
713.0,383.57082898683404,5.172085629854282
714.0,359.2051775559031,5.1864398710211415
715.0,349.98956007594006,5.1351266678381275
716.0,824.3164746667464,5.076246392676424
717.0,877.3409625277845,5.038476211869873
718.0,433.2252368047781,5.0329715203595535
719.0,1033.707981817306,5.043596928107817
720.0,1727.0251385181305,5.074421861222612
721.0,1009.1561414611442,5.050278658213072
722.0,489.86640074001264,5.046663776066834
723.0,454.65691515941694,5.052675680643528
724.0,397.69972243939407,5.118176343345957
725.0,678.4748036144672,5.1706180435045965
726.0,334.04890316714955,5.151296373818502
727.0,167.02445158357477,5.094568598932841
728.0,231.59293660968325,5.019137771447397
729.0,109.66894940015194,4.958392444729075
730.0,38.65864422626624,4.906317163967954
731.0,19.32932211313312,4.860678291260807
732.0,9.66466105656656,4.818257622580647
733.0,61.250998855482756,4.77744605591398
734.0,30.625499427741378,4.743914769576218
735.0,15.312749713870689,4.714023623402911
736.0,7.6563748569353445,4.685952547311828
737.0,3.8281874284676722,4.65879150626186
738.0,440.2598040155076,4.632085482732448
739.0,660.3860476808743,4.774380746489563
740.0,347.20343347024794,4.837954357874763
741.0,173.60171673512397,4.941505278642209
742.0,292.0945741724852,5.06504485410078
743.0,367.3217240938153,5.139504809534737
744.0,1147.6747096279048,5.1413506645974465
745.0,1459.4379044647958,5.084499912286294
746.0,809.8241689302707,4.912367198367491
747.0,398.4966558462315,4.943121066454072
748.0,509.72575572608855,5.077164286398663
749.0,708.2315767645375,4.966374461262634
750.0,326.4241594775258,4.9257225800792295
751.0,491.06633175101877,4.922747619034144
752.0,266.5199798142913,4.885580862903225
753.0,195.36386808163053,4.9488263095878136
754.0,123.82140066256483,5.0426568775761655
755.0,102.11728898280711,5.072325611111111
756.0,40.734971365339035,5.06918998655914
757.0,74.95201268830962,5.051054956989248
758.0,308.7531928867597,4.894998562724014
759.0,153.08715601254326,4.907104583034647
760.0,654.8280068139748,5.0055875579450415
761.0,705.1000185283108,4.940038890688761
762.0,926.9965751188244,4.915304233362813
763.0,669.1021246483302,4.792240082631228
764.0,614.5038036545118,4.819363862462336
765.0,586.8922506694355,4.863792638908691
766.0,370.3448422588704,4.92458334908843
767.0,796.952122745269,4.9712932251874555
768.0,482.0991969086706,5.102095307486202
769.0,661.7320117529254,5.130955200289554
770.0,321.56128707992673,5.109074694314513
771.0,1185.420510751034,5.0617854545688
772.0,887.5274912443821,4.94194477509517
773.0,1287.8233246620066,4.883437903407799
774.0,1101.167078991388,4.937147356332231
775.0,926.0949890415952,4.933759351037432
776.0,1112.9487731802915,5.139414360926823
777.0,752.0085485094578,5.169655787094364
778.0,1031.9020196247782,5.173167074192343
779.0,557.8442601208134,5.278711973813095
780.0,473.1351961460558,5.287680499771371
781.0,392.38156207363636,5.379291958445824
782.0,560.8098035760431,5.329967186845888
783.0,597.9998694755593,5.243934722186657
784.0,974.4307664563134,5.224266635137308
785.0,1204.3674744980176,5.292803727193187
786.0,1068.1917694792737,5.3326182406572045
787.0,522.5009912373814,5.345199299481975
788.0,493.27860263224375,5.343046008224137
789.0,225.4768125825076,5.353255397133521
790.0,90.12628254172303,5.368074247908005
791.0,30.327414960168575,5.387338502973504
792.0,357.4411904992601,5.4094143019480505
793.0,295.4104926417569,5.429242749709555
794.0,765.7793915319664,5.346852158225863
795.0,1014.0178584234536,5.25719960663047
796.0,951.1865270518053,5.191563391768449
797.0,1179.4447516397559,5.1214678596961996
798.0,1140.2164266071277,5.0462597547763375
799.0,958.4180822137679,5.15912163801095
800.0,603.2291196260544,5.090675306327238
801.0,676.8621262093382,4.902879255038446
802.0,691.6859848494046,4.9680124079381915
803.0,533.1897352461496,4.948580492815715
804.0,658.4310201937542,4.808218823499612
805.0,1292.8984866875346,4.848847461519391
806.0,846.2185838637415,4.839461998623647
807.0,577.5534007181582,4.819619147470117
808.0,416.4153027821336,4.8906666769677365
809.0,652.3591337932555,4.836354851745572
810.0,821.1191250030377,4.930968708340175
811.0,508.1085336772478,4.994270655523161
812.0,248.8611066655145,5.0265360163383255
813.0,120.24197294352068,5.040485538008378
814.0,45.84616043574804,5.050685864354
815.0,681.8206183303473,5.052171490476191
816.0,955.5018288000249,4.627827690194573
817.0,682.6978566454,4.680653830737722
818.0,869.3846656608503,4.692796364908031
819.0,542.2032426986472,4.797588283842757
820.0,277.5337806735118,4.793968959842525
821.0,217.1753648292422,4.891130838487571
822.0,1358.0058823806528,4.9903003365308
823.0,662.5018243985093,5.056474848648637
824.0,327.8911962658727,5.102620893180315
825.0,699.4725011583446,5.1435882018975745
826.0,1315.0128674470213,5.133143163426195
827.0,672.0481891137217,5.148568645845202
828.0,336.02409455686086,5.006283178952771
829.0,722.0629835969046,4.785142237404622
830.0,540.4832929293618,4.686574451466133
831.0,1163.6451006733744,4.715708881542121
832.0,1365.746814435076,4.751648242972801
833.0,991.7673305715899,4.759111974731409
834.0,1308.7774840902944,4.831119585667905
835.0,909.7675605079437,4.651706582268364
836.0,485.3649901292972,4.781192889901331
837.0,218.13233620841243,4.846477664439913
838.0,99.41323299939208,4.880825813492358
839.0,737.4712924511005,4.897243721863799
840.0,569.5321363628128,4.877535962007169
841.0,1166.4693062793963,4.881450861955965
842.0,1423.2140235914292,4.726831874748774
843.0,1101.1749445278842,4.578605438808078
844.0,619.7668497911343,4.7871374258556525
845.0,945.3453322085877,4.672147078967252
846.0,445.0614851258147,4.688140783851265
847.0,721.839431172164,4.775165021729391
848.0,397.9176707007438,4.851125990367384
849.0,290.9766114357517,4.868472638104839
850.0,183.93581332224971,4.969089066812276
851.0,91.96790666112486,4.997827003248208
852.0,221.61730664197438,4.990625693548387
853.0,171.01214471544765,5.076166609318996
854.0,207.5811173747062,4.905270002688171
855.0,126.87217970440513,4.890009673387096
856.0,63.436089852202564,4.92237524641577
857.0,66.78252825907495,4.978553770609319
858.0,232.91079736139272,5.0024143279569895
859.0,487.1083044629947,4.883583316129032
860.0,743.5765727676869,4.86389786953405
861.0,377.38548271850397,4.917986203584229
862.0,652.6879971363704,4.846227075990747
863.0,974.7067559354855,4.6669934348006565
864.0,847.4734068442555,4.814750476898537
865.0,783.8024816065551,4.819665157540561
866.0,998.0644021291961,4.827950959934537
867.0,650.3417349032467,4.849970401014275
868.0,570.4224346892049,4.869963119390574
869.0,293.0236838793546,4.903881164477992
870.0,432.8540614236117,4.973558046289368
871.0,934.3200379673154,5.0319143351580315
872.0,1102.1686575631734,5.023134496131099
873.0,984.0743947585336,5.079174229785979
874.0,839.454355664705,4.878546274391198
875.0,434.81199899728443,4.983295230230789
876.0,392.0154412742213,4.999246406782061
877.0,287.03186149175735,4.9959137021505375
878.0,334.6289757060067,5.076835645161291
879.0,549.167442657054,5.102451191593353
880.0,697.3357511517622,5.118646919042964
881.0,1385.800488181146,5.141206372033701
882.0,1026.3619194483204,4.947560864716287
883.0,1083.916587061285,4.838514884761686
884.0,848.9081844176096,4.796634813313673
885.0,456.1093359593572,4.786317377906196
886.0,911.4320874758167,4.904228515827835
887.0,908.4666565418047,4.78680477685913
888.0,436.3817220376841,4.746041242319508
889.0,317.39424671431783,4.951989442252304
890.0,384.58975644630425,4.8659912757856505
891.0,620.1278686554544,4.876345436448856
892.0,320.0970568440142,4.946124044916395
893.0,220.44352085858281,4.885660374071101
894.0,106.80991374416836,4.850596936766733
895.0,46.30197412639334,4.841212813365445
896.0,130.00666007080957,4.836985756103732
897.0,65.10584865753077,4.832117463440859
898.0,30.665401144065115,4.848013776344086
899.0,119.84027812657169,4.8712594440860215
900.0,686.2887577650262,5.069365331497705
901.0,646.761436028648,5.177409990706408
902.0,323.3535781611871,5.27296623530793
903.0,161.67678908059355,5.361769447874678
904.0,77.57253274171742,5.44719614442404
905.0,288.36330400837153,5.525585034769383
906.0,504.54140614909295,5.438347324916719
907.0,730.8038639770228,5.2770360146208155
908.0,761.7141495660117,5.0829220821724626
909.0,771.5367202491193,5.006381235439301
910.0,559.8128340859272,4.995329649843306
911.0,604.9509904447939,5.0609797956776
912.0,344.6672514796552,5.049657766487456
913.0,278.8470161941466,4.950696715232976
914.0,817.6761771727557,4.996301679830564
915.0,803.0494280378588,4.969994779414802
916.0,788.8275152128601,4.937211822144677
917.0,757.9036234751873,4.884608563121583
918.0,886.1750224742424,4.799020699614902
919.0,860.1126379618829,4.67839155101437
920.0,981.6753381083347,4.636684642662802
921.0,478.4057397130691,4.7048158795565085
922.0,874.9455039334167,4.828496707616525
923.0,487.7600180272055,4.950900170009144
924.0,234.39755209605175,4.8954000163734115
925.0,99.57014159083015,4.855106325237397
926.0,49.78507079541507,4.8201866127984925
927.0,4.668863555664595,4.787953889708141
928.0,0.2639910632090241,4.757996570967741
929.0,52.25303641565447,4.734728720967741
930.0,35.13759725034764,4.758592793548386
931.0,432.28011566848437,4.904695892521994
932.0,682.5347200855324,4.8088385816175325
933.0,533.9222623792613,4.730085845647476
934.0,651.2870488515925,4.7134504221733735
935.0,329.17728041437226,4.664356178828623
936.0,151.62891154958265,4.688074257473939
937.0,538.1151354084774,4.757669744710371
938.0,423.0369387473437,4.781656297982426
939.0,199.45725609086088,4.874617215949821
940.0,940.0871788403131,5.004004210125449
941.0,765.6201979591794,4.992503972557064
942.0,1093.5458782032676,5.0471980429989625
943.0,1026.301712225569,4.901908971320269
944.0,552.0682524253076,5.033902118668648
945.0,576.4798510846324,5.005368784992925
946.0,922.9410601593727,4.984875640284663
947.0,554.128330455838,5.0822470205791594
948.0,1004.9590310831372,5.022827752609087
949.0,682.7752598611037,5.115497327917447
950.0,985.288057532322,5.108152735299191
951.0,611.1222070317036,5.193670432861094
952.0,301.9569162589803,5.113996127262625
953.0,1483.9511650293566,4.9586967387420895
954.0,1646.2246789906949,4.956212663030666
955.0,1219.4631360889132,4.968384797779983
956.0,1022.8014163702094,4.797175031378472
957.0,963.2684526669469,4.777830322310461
958.0,653.6854909575694,4.818861487375246
959.0,363.7292633475389,4.801616805075277
960.0,168.83988985093674,4.803223678453175
961.0,71.37615939404436,4.82007395067372
962.0,21.567212681964612,4.837137855734767
963.0,4.082597491320262,4.854794722670251
964.0,0.0,4.8753190073924735
965.0,0.0,4.895843292114695
966.0,0.0,4.916367576836917
967.0,461.15001421195757,4.93689186155914
968.0,613.7496843315419,4.971587176417659
969.0,506.0499281395661,4.8845325351887094
970.0,681.2987194663775,4.917452995733191
971.0,629.8610849918105,5.104552264107635
972.0,460.9872182494597,5.0976216259606275
973.0,715.5513667179271,5.125492499425764
974.0,1816.698659310505,5.229989596784962
975.0,1258.7064814381667,5.2282886700842806
976.0,1037.2801897480151,5.187928885949399
977.0,696.7608609756937,5.150543289748892
978.0,815.7218105795675,5.032985516349745
979.0,670.5144734788819,5.089289977589134
980.0,890.7801110656756,5.058460884562212
981.0,1038.821539786671,5.056464767933948
982.0,555.5270632382109,5.087499142295672
983.0,262.6737307116918,5.036537746929568
984.0,865.217766191971,4.937838675973745
985.0,967.213694027344,4.899758102743995
986.0,751.1102990638385,4.790617914149191
987.0,1146.383587845407,4.778873521368254
988.0,1469.3057294344621,4.7029066799516395
989.0,828.1677418096432,4.745608992724378
990.0,799.2689736017464,4.867796315621491
991.0,620.2748376521583,4.964706952385733
992.0,683.0442751460919,4.903836952805769
993.0,696.6765264484118,4.9245569324049345
994.0,344.6898299238063,4.962361562667905
995.0,914.9507259091806,5.008001754526024
996.0,1214.7719290310276,5.013658440036762
997.0,866.6665817965827,5.08849230388935
998.0,615.6896277711846,5.043383561305345
999.0,589.888498982096,5.0267499384828565
1000.0,646.8558864027318,5.03362899873621
1001.0,367.5524928169759,4.921590069431645
1002.0,1068.9578480079956,4.994469905683564
1003.0,1125.342370844433,5.085333494379277
1004.0,644.4809665687897,5.008755585624247
1005.0,493.19778050963333,4.843620686763736
1006.0,244.47344405723828,4.869652036930255
1007.0,328.4730309832589,4.983546929621041
1008.0,528.3026395599787,5.190221653700267
1009.0,261.3193308329319,5.230348633220146
1010.0,446.4533168653421,5.187343815265987
1011.0,227.59394699078211,5.16991048491794
1012.0,426.58695773568996,5.193275917727787
1013.0,577.1385104903263,5.141619933435402
1014.0,539.1020059995441,5.098663933218125
1015.0,259.5040412176627,5.11619002642089
1016.0,299.0946757213461,5.161633228264208
1017.0,395.0106359977774,5.211103637310121
1018.0,213.58345386989305,5.323017448734658
1019.0,174.30718663254186,5.237539206894211
1020.0,119.79411021243202,4.940661664603019
1021.0,54.600832203717395,4.855020343054197
1022.0,19.31708296152675,4.875280130009775
1023.0,311.00431684495186,4.946693809139784
1024.0,444.8814267935665,4.962561862112587
1025.0,522.7388424104921,4.949279095229582
1026.0,744.9124546375325,4.93619508885903
1027.0,628.9588289879291,4.933288601355512
1028.0,1174.7188026237282,5.016415496425556
1029.0,831.9000974282843,5.007626417351509
1030.0,655.9609778237085,4.925006829945428
1031.0,480.2282604760002,4.931091878679438
1032.0,516.1939095568423,4.911352643877986
1033.0,230.91934185422636,4.899391707471741
1034.0,107.53287789674062,4.895622726495727
1035.0,45.97184141255699,4.896825471133169
1036.0,17.75596785131272,4.896564356989248
1037.0,201.81436906002148,4.897754490322582
1038.0,100.90718453001074,4.837321361373677
1039.0,50.45359226500537,4.746076601283654
1040.0,536.3076263400307,4.639426025623072
1041.0,529.3813424964865,4.674500316754187
1042.0,598.4934676679663,4.8145393978036175
1043.0,299.24673383398317,4.91770946440197
1044.0,848.5980336290131,5.002445023774785
1045.0,408.3277408705213,4.9200172954379
1046.0,732.9874470799365,4.7493383052906335
1047.0,355.8653018070667,4.7314013506500965
1048.0,177.93265090353336,4.792687824274063
1049.0,1148.0975809699771,4.893586012030283
1050.0,1002.6986785146744,4.953395391660694
1051.0,484.5684974780832,4.844868293277676
1052.0,1559.879574460611,4.645987538230032
1053.0,1154.5656544186568,4.584891391898767
1054.0,786.4275976487507,4.496128866684151
1055.0,1145.5802317876758,4.594032750802393
1056.0,989.5572407042071,4.639847893357311
1057.0,899.5330584511144,4.491437525960062
1058.0,1330.543544984574,4.532724562519201
1059.0,2431.288851363778,4.538782747516642
1060.0,2168.1468514579706,4.493458417123557
1061.0,1952.07757617583,4.686706338938123
1062.0,1500.4623995383868,4.782515636135727
1063.0,1187.5837094024705,4.831356716301351
1064.0,782.1644357648256,4.817701860493226
1065.0,360.56870287577334,4.822788388986661
1066.0,945.959615919303,4.829133898821939
1067.0,885.2828793974966,4.791630257878712
1068.0,1079.663675670978,4.67972775259527
1069.0,532.2131551344505,4.738492553358568
1070.0,511.25312060682666,4.881055760554897
1071.0,732.9022418304882,4.973228645929339
1072.0,736.947858526739,5.023242543598707
1073.0,510.93900283513926,5.04717592003284
1074.0,490.73209747570365,4.417983883134699
1075.0,498.4312359838243,4.739797210742976
1076.0,233.526136349144,4.750534651416036
1077.0,772.3170779325117,4.606314478686636
1078.0,421.3797973957502,4.572645396953405
1079.0,203.33794257105842,4.614640583013314
1080.0,834.9545140555074,4.654543900745647
1081.0,417.4772570277537,4.7476635558627756
1082.0,187.87765657836607,4.8673913796722985
1083.0,92.679153849044,4.994553828341013
1084.0,236.20198556933832,5.125415222606247
1085.0,1229.3480494344412,5.115057281775124
1086.0,1156.6590084381119,4.972268666784899
1087.0,842.2310672348451,4.801934208543733
1088.0,421.11553361742256,4.735690043639622
1089.0,649.1857691687567,4.72149102540404
1090.0,994.8136717200317,4.678942175945851
1091.0,1150.30980823868,4.8186976690334085
1092.0,696.5073045503954,4.888223382415042
1093.0,936.6327549635002,4.862424275034984
1094.0,728.831608973674,4.961134341818568
1095.0,435.3424790582415,4.923696415109779
1096.0,691.8215931264139,5.025282874031378
1097.0,826.9756989397389,5.046845933789882
1098.0,545.0691772077262,4.974410065783866
1099.0,353.06793364057773,5.030226694040772
1100.0,538.3694393825031,5.182776411088486
1101.0,412.6200246963207,4.9335792057279075
1102.0,191.15017230878112,4.847705601788685
1103.0,478.7995029360634,4.845236101301641
1104.0,659.9629189747444,4.775426712066905
1105.0,697.1157649858587,4.866292230585424
1106.0,509.76600725497985,4.852033448626045
1107.0,348.61975514603455,4.950140577231609
1108.0,226.72883471306045,5.072487115804744
1109.0,100.13479826665221,5.084369971326165
1110.0,249.68337342733264,5.034921976958525
1111.0,284.9780308408784,5.0042371274370785
1112.0,360.2882991570664,5.05268158621307
1113.0,382.093155350846,5.037049063256957
1114.0,491.8048187222301,5.033462576584956
1115.0,470.6192166752098,5.034688135450696
1116.0,524.6646859584387,5.114466475423426
1117.0,458.6253452199273,5.309458647856899
1118.0,564.7501382540565,5.389429409983762
1119.0,820.7550192526603,5.392784885058179
1120.0,443.0989769051481,5.295219868772369
1121.0,226.58102914060484,5.2476964615804835
1122.0,483.8098132790218,5.159219160705084
1123.0,382.696377858613,5.001342795195433
1124.0,1028.0000976102567,5.064461567546432
1125.0,1512.1400883333208,5.164294373085696
1126.0,1257.3060989756736,5.191746119094168
1127.0,821.4177310416972,5.0303262501629185
1128.0,405.9753318493881,5.0050357320088885
1129.0,1779.0361602018972,5.039836862251775
1130.0,1287.182957606925,4.985391080384603
1131.0,965.8361300831589,4.880057461746553
1132.0,748.1688805865299,4.98863678562238
1133.0,374.08444029326495,4.7352017784033995
1134.0,317.4245606329363,4.300759605637015
1135.0,145.30928757391752,4.258767351008668
1136.0,62.09457567155542,4.413281287769309
1137.0,1293.5162552257564,4.658719459669296
1138.0,652.9061971733545,4.8636235009255975
1139.0,874.3615399806527,5.021696609428215
1140.0,1436.1219999020636,4.946836658074368
1141.0,1173.598181188309,4.97963559559679
1142.0,1606.5821335656453,5.050615101020262
1143.0,803.0989396090578,4.991902843151918
1144.0,767.9588992819711,4.869174824494912
1145.0,478.8877278964259,4.80571227480855
1146.0,225.20832703454803,4.844099596111562
1147.0,428.4771826271368,4.933900880301045
1148.0,288.7034644771907,4.826433227135189
1149.0,359.13704952827777,4.721229671442357
1150.0,975.5637186478838,4.804954331016877
1151.0,814.2756405351436,4.7632718789396975
1152.0,675.8886600362338,4.773010498993658
1153.0,573.0005884854381,4.73040384892473
1154.0,279.4135384229468,4.7536499997311825
1155.0,114.70875027009643,4.803870723655914
1156.0,166.41742301653255,4.874372345430108
1157.0,436.58639760822246,4.929889096774193
1158.0,362.08371001625494,4.960119215053764
1159.0,204.91799849442205,4.772258985663083
1160.0,553.1241957842791,4.842126634152587
1161.0,298.27546580495255,4.846464617076293
1162.0,389.6991963398261,4.766653143215565
1163.0,734.0852687924039,4.801773909070771
1164.0,871.5273642602549,4.851331036371112
1165.0,544.2723758473767,4.822533877695173
1166.0,271.34117449424076,4.870573793055161
1167.0,179.83578072183562,4.958659068570592
1168.0,287.23176071565774,4.940571450990921
1169.0,313.96148544151424,4.971517062879851
1170.0,388.72840679398655,5.1549656178705
1171.0,529.713475341687,5.09388133494164
1172.0,568.4714685269079,5.105798631986948
1173.0,917.216634443721,4.968605988630713
1174.0,482.9738463917475,4.7902917503637426
1175.0,560.0392202524972,4.907214844651918
1176.0,593.3005546857019,4.989416464294989
1177.0,654.472255279308,4.972335459880469
1178.0,1339.8485394387058,4.802522552841985
1179.0,943.9967752672101,4.938966112507665
1180.0,775.7879710561745,5.037896809710054
1181.0,912.3553601302574,4.932975657571746
1182.0,759.0902417868247,4.943754889736974
1183.0,691.2687644538194,4.903117594212306
1184.0,702.6693397663287,4.8122809688111055
1185.0,777.8143563381673,4.809302527390703
1186.0,726.3601767054153,4.867185476446492
1187.0,353.3553200615586,4.887359376336208
1188.0,165.92789543257635,4.89219979112214
1189.0,817.3391305284817,4.889764038240971
1190.0,395.0354594375278,4.872736751983859
1191.0,186.45027381368024,4.848071189182145
1192.0,93.22513690684012,4.8215056432639045
1193.0,46.61256845342006,4.793990105787403
1194.0,303.80020383567944,4.76599957253177
1195.0,216.30037481722553,4.744665499581423
1196.0,108.15018740861277,4.679269974011294
1197.0,443.65087012109154,4.591843722131275
1198.0,221.82543506054577,4.578724934285249
1199.0,101.4189611604079,4.602759878456222
1200.0,48.69697205209815,4.645163674251153
1201.0,184.71960473898116,4.6982328234447
1202.0,1098.8154164697273,4.632887856785157
1203.0,1031.352449323041,4.6929555167422325
1204.0,1399.6037665794752,4.691569484786449
1205.0,699.8018832897376,4.4813318243803675
1206.0,344.8893441850896,4.166668349749135
1207.0,413.09564157385995,3.8036590552725906
1208.0,1262.975890610504,3.969710403442747
1209.0,1618.3287782505754,4.127062293058418
1210.0,1491.7453155824442,4.4972200516414516
1211.0,1352.468327492079,4.564691865800562
1212.0,1467.2503376742898,4.556985673939707
1213.0,1622.09012004659,4.626814997913316
1214.0,1427.1746424714265,4.510796830729654
1215.0,1994.7560128515904,4.545889188738631
1216.0,999.7702848758444,4.722854383771621
1217.0,500.8280152027511,4.8325082622263125
1218.0,422.854642946761,4.969724432975169
1219.0,748.2353010425187,5.0077839837344555
1220.0,646.5548114209117,5.0737722885956344
1221.0,396.55588835346947,5.051675774763767
1222.0,506.62081704926766,4.892915840338873
1223.0,839.54609261916,4.888332822290943
1224.0,865.11419854272,4.686477700201463
1225.0,492.3556468985,4.725231865526703
1226.0,243.86702282649156,4.755406361997796
1227.0,112.27247610372453,4.784318113826763
1228.0,37.61983821600411,4.805581269088567
1229.0,4.3490113076506285,4.831711303409612
1230.0,218.7260815464701,4.84959002078853
1231.0,292.97465795365486,4.780070834419414
1232.0,179.01984922619914,4.839510213399658
1233.0,191.1148833921394,5.04493744147867
1234.0,430.36221003283265,5.042254533673619
1235.0,208.34591496808912,5.033082727580451
1236.0,1172.8497795992002,5.023397656835354
1237.0,1119.4536358665327,4.842258018125818
1238.0,1501.563635664211,5.0822609213635115
1239.0,931.1820687816717,5.082571717586253
1240.0,1243.523645351057,4.910173425428432
1241.0,791.0612546771181,4.931173159008602
1242.0,1362.1939445518587,5.004558460092869
1243.0,651.5653481292796,4.90416532380174
1244.0,1106.6807101765648,4.7312282150690725
1245.0,809.6617989197737,4.78884789326027
1246.0,773.3083852764814,4.836940422909592
1247.0,502.64296107288476,4.879188218882639
1248.0,251.32148053644238,5.009410217405913
1249.0,154.19117109082762,5.1836193172043
1250.0,458.90563420485734,5.17176138590203
1251.0,217.73977566000326,5.150772952457463
1252.0,589.619662777602,5.125301388909488
1253.0,719.1468862940905,5.161243683609587
1254.0,498.7745613029275,5.283724524600493
1255.0,1287.0925060813584,5.053448778130592
1256.0,1103.6407456942661,4.908360742787163
1257.0,967.6142000153164,4.861108463029215
1258.0,623.3017632450831,4.885873882066332
1259.0,1305.0390658065405,4.932643522170066
1260.0,1121.834322703713,4.921892372898143
1261.0,808.9138565851146,4.909378560050303
1262.0,842.7475619097852,4.841262015341498
1263.0,829.0365602392937,4.81174452616661
1264.0,405.9625140107161,4.786046425324322
1265.0,905.4628160236362,4.689340059550712
1266.0,510.8069583078772,4.726394150517136
1267.0,828.1603204274453,4.796346304844753
1268.0,511.15304125218717,4.783437811908225
1269.0,707.5584857656381,4.759800629558823
1270.0,847.4415754060549,4.687664804107899
1271.0,1110.5340143116196,4.667482741252385
1272.0,679.8970347184829,4.770770432597058
1273.0,613.7228080923749,4.885503302378118
1274.0,862.2524694485776,4.8419333144221515
1275.0,602.835060741186,4.886712753490816
1276.0,431.634225812913,4.855786763121262
1277.0,776.7378828181011,4.783260605472005
1278.0,919.341231885064,4.725458544003954
1279.0,1260.5785576357284,4.834786649284856
1280.0,870.7373611385495,4.975559914030399
1281.0,430.6266702499858,5.006837414942275
1282.0,197.64494207216686,4.9833900215395746
1283.0,801.4839632401151,4.931522128010348
1284.0,652.2437651476939,4.860062499124388
1285.0,556.195386170465,4.790974193385354
1286.0,278.0976930852325,4.768493584377561
1287.0,612.5836993501591,4.769316823735389
1288.0,531.8658741915847,4.565706103888068
1289.0,585.0286229608868,4.777344937820329
1290.0,719.6270055942243,4.783134658772449
1291.0,522.347293093209,4.768372095679374
1292.0,1094.9457356503813,4.685131489964924
1293.0,1134.686619784084,4.516139551434074
1294.0,1333.087668263328,4.554691272768952
1295.0,652.9643642561831,4.62854519020043
1296.0,525.9690550215246,4.717435647967599
1297.0,236.46671334657444,4.701611819311971
1298.0,518.8204566006855,4.6352516285499945
1299.0,780.2972778598864,4.573316255010182
1300.0,813.6717447704809,4.585004427392562
1301.0,1574.8839323254085,4.6582219462476
1302.0,1267.360625705467,4.827276491684989
1303.0,930.0260775913384,4.819617881342534
1304.0,460.2771332485608,4.77521135625954
1305.0,349.75847513918836,4.763883633774931
1306.0,1024.4021352538832,4.957392958309753
1307.0,1156.0726770234146,4.979573716610074
1308.0,568.3661781146292,4.987742105184331
1309.0,1375.8421749163608,4.987254405433948
1310.0,808.1239951356748,4.912845995076905
1311.0,602.2256644384923,4.765041610928479
1312.0,280.52317385964665,4.763317587578861
1313.0,551.1330072213274,4.832613989199498
1314.0,672.4130787261804,4.745800280101058
1315.0,458.8772052732478,4.759354783324035
1316.0,279.3352137558676,4.84028981859888
1317.0,139.6676068779338,4.927827695093865
1318.0,462.00970683553976,5.01866699219892
1319.0,217.67619729426733,4.900257155279503
1320.0,104.88320027240059,4.7940723063196105
1321.0,50.661766417417915,4.693492374728432
1322.0,402.6045256988699,4.596391184805984
1323.0,188.64552424691362,4.695934696521189
1324.0,136.96747565649264,4.900578308412396
1325.0,106.35741278036278,4.923370525996204
1326.0,53.17870639018139,4.854908963055329
1327.0,14.799551867273163,4.740820509852113
1328.0,567.8859394274989,4.597827819930123
1329.0,676.2734604754885,4.718318987516417
1330.0,673.0166568858499,4.724066667145306
1331.0,495.1737479376328,4.800116542482023
1332.0,799.4852965895645,4.941097175921051
1333.0,574.2311606686433,5.1151919314849446
1334.0,628.1881698671004,5.259214935717375
1335.0,531.8465716362916,5.063428193665139
1336.0,510.6040242044815,5.0499239982662605
1337.0,804.2014654064109,5.045427537080117
1338.0,1138.8245451420266,5.0470863179733865
1339.0,1691.356153144858,5.087625909043286
1340.0,1157.4985546314815,5.156344021725944
1341.0,883.5143953470134,5.14797237859155
1342.0,796.7448054922253,5.11184173095636
1343.0,475.35932110221887,5.162157061955986
1344.0,1137.6889946751844,5.171980997065669
1345.0,1367.0215050176303,5.20837508371663
1346.0,886.9919660677808,5.235613103790025
1347.0,1140.9324294987287,4.881985742961743
1348.0,1507.3222072241779,4.9773684270588285
1349.0,1658.4361049857093,5.041401205525151
1350.0,1849.4998843337482,4.882197111858789
1351.0,918.0859136788941,4.824077096513172
1352.0,436.88412288836054,4.8282500449779295
1353.0,189.06746300638045,4.843488864750288
1354.0,65.34602133063329,4.872336782567611
1355.0,0.0,4.9144298914059945
1356.0,0.0,4.9565230002443785
1357.0,0.0,4.9986161090827625
1358.0,0.0,5.040709217921147
1359.0,0.0,5.082802326759531
1360.0,23.170556391630335,5.1248954355979155
1361.0,822.0919887439757,5.24427234202509
1362.0,818.1408272346973,5.149080299934832
1363.0,480.13709326713246,5.3044003255213426
1364.0,542.288985600157,5.22179777357911
1365.0,1026.9005114154613,5.309428916897081
1366.0,696.306188236055,5.003866310061444
1367.0,666.4050111761529,4.872626520258425
1368.0,330.9816718490207,4.8462802724718035
1369.0,319.19695468738985,4.883730127298603
1370.0,304.0765034153892,4.891882906906471
1371.0,319.48659356280734,5.04114086242501
1372.0,149.40037082561977,5.0384433198747445
1373.0,84.63665026417132,4.958864488432715
1374.0,442.28790375772587,4.881279933967466
1375.0,816.0841584396777,4.751189767162944
1376.0,887.8646209166781,4.729499241607586
1377.0,885.9912244138976,4.688077814579563
1378.0,838.9888690270122,4.571317313936897
1379.0,1211.6348578709958,4.509835762998847
1380.0,874.4466759336358,4.590380135481189
1381.0,829.3571080066613,4.47103743494588
1382.0,400.8642129422194,4.475801836722159
1383.0,1349.716308455696,4.544665840369179
1384.0,702.8470170875655,4.616210146188047
1385.0,1146.9446555893567,4.729089258353566
1386.0,1465.859489588725,4.566288989883729
1387.0,1086.2103637005173,4.544143895370876
1388.0,584.7564702431105,4.516011568677181
1389.0,314.00131439427014,4.611518971435365
1390.0,806.4065858870055,4.5497113635874875
1391.0,554.6221660308343,4.47143146344086
1392.0,588.8220178388628,4.405327415578894
1393.0,1308.504035222978,4.393854151862964
1394.0,1657.896552402601,4.391115690155013
1395.0,1330.5314254024438,4.4729663846669485
1396.0,851.4535652743675,4.630796275282783
1397.0,791.7132898608663,4.754736639062799
1398.0,809.9352926313462,4.782182259803967
1399.0,893.8978395021865,4.923050311485948
1400.0,990.7221184247999,5.018771185379288
1401.0,1453.1793663034628,4.105306707973822
